under_mem:False
peak node list:[86, 87, 56, 57, 71, 72, 1, 0]
Full_duration:1.6146728992462158(s)
Peak memory for all: : 101376 bytes (99 KB)
Peak memory under dup: : 92160 bytes (90 KB)
ori MAC: 109672704
ori weight access: 494748

Total MAC increased: 15150240
Total weight access increased: 795636

The useful subgraphs idx: [0, 1, 2, 3]
remaining_peaks: [0]

Total PDQ Configuration Details
========================================
Subgraph #1
  Subgraph Ops: [76, 77, 78, 79, 80, 81, 82, 83, 84, 85, 86, 87, 88, 89, 90]
  Original Peak Memory: 129024
  Optimized Peak Memory: 69696
  Peak Operator Index: 86
  Duplication Config:
    under memory constraint: True
    Selected d: [76, 86, 87, 88, 89, 77, 78, 79, 80, 81, 82, 83, 84, 85, 90]
    d_candidate_num: [[76, 77, 78, 79, 80, 81, 82, 83, 84, 85, 86, 87, 88, 89, 90], [76, 77, 78, 79, 80, 81, 82, 86, 87, 88, 89, 83, 84, 85, 90], [76, 77, 78, 83, 84, 85, 79, 80, 81, 82, 86, 87, 88, 89, 90], [76, 77, 78, 83, 84, 85, 86, 87, 88, 89, 79, 80, 81, 82, 90], [76, 77, 78, 86, 87, 88, 89, 79, 80, 81, 82, 83, 84, 85, 90], [76, 77, 78, 86, 87, 88, 89, 83, 84, 85, 79, 80, 81, 82, 90], [76, 79, 80, 81, 82, 77, 78, 83, 84, 85, 86, 87, 88, 89, 90], [76, 79, 80, 81, 82, 77, 78, 86, 87, 88, 89, 83, 84, 85, 90], [76, 79, 80, 81, 82, 83, 84, 85, 77, 78, 86, 87, 88, 89, 90], [76, 79, 80, 81, 82, 83, 84, 85, 86, 87, 88, 89, 77, 78, 90], [76, 79, 80, 81, 82, 86, 87, 88, 89, 77, 78, 83, 84, 85, 90], [76, 79, 80, 81, 82, 86, 87, 88, 89, 83, 84, 85, 77, 78, 90], [76, 83, 84, 85, 77, 78, 79, 80, 81, 82, 86, 87, 88, 89, 90], [76, 83, 84, 85, 77, 78, 86, 87, 88, 89, 79, 80, 81, 82, 90], [76, 83, 84, 85, 79, 80, 81, 82, 77, 78, 86, 87, 88, 89, 90], [76, 83, 84, 85, 79, 80, 81, 82, 86, 87, 88, 89, 77, 78, 90], [76, 83, 84, 85, 86, 87, 88, 89, 77, 78, 79, 80, 81, 82, 90], [76, 83, 84, 85, 86, 87, 88, 89, 79, 80, 81, 82, 77, 78, 90], [76, 86, 87, 88, 89, 77, 78, 79, 80, 81, 82, 83, 84, 85, 90], [76, 86, 87, 88, 89, 77, 78, 83, 84, 85, 79, 80, 81, 82, 90], [76, 86, 87, 88, 89, 79, 80, 81, 82, 77, 78, 83, 84, 85, 90], [76, 86, 87, 88, 89, 79, 80, 81, 82, 83, 84, 85, 77, 78, 90], [76, 86, 87, 88, 89, 83, 84, 85, 77, 78, 79, 80, 81, 82, 90], [76, 86, 87, 88, 89, 83, 84, 85, 79, 80, 81, 82, 77, 78, 90]]
    Selected q: 2
    q_candidates: [2]
    Total Memory Under q: [62208, 48960, 48960, 25920, 10368, 31104, 15552, 36288, 20736, 20736, 20736, 41472, 25920, 25920, 41472, 62208, 69696, 69696, 46656, 31104, 51840, 36288, 57024, 41472, 41472, 41472, 62208, 46656, 46656, 41472]
    Final Peak Memory: 69696
----------------------------------------
Subgraph #2
  Subgraph Ops: [46, 47, 48, 49, 50, 51, 52, 53, 54, 55, 56, 57, 58, 59, 60]
  Original Peak Memory: 121248
  Optimized Peak Memory: 65808
  Peak Operator Index: 56
  Duplication Config:
    under memory constraint: True
    Selected d: [46, 56, 57, 58, 59, 47, 48, 49, 50, 51, 52, 53, 54, 55, 60]
    d_candidate_num: [[46, 47, 48, 49, 50, 51, 52, 53, 54, 55, 56, 57, 58, 59, 60], [46, 47, 48, 49, 50, 51, 52, 56, 57, 58, 59, 53, 54, 55, 60], [46, 47, 48, 53, 54, 55, 49, 50, 51, 52, 56, 57, 58, 59, 60], [46, 47, 48, 53, 54, 55, 56, 57, 58, 59, 49, 50, 51, 52, 60], [46, 47, 48, 56, 57, 58, 59, 49, 50, 51, 52, 53, 54, 55, 60], [46, 47, 48, 56, 57, 58, 59, 53, 54, 55, 49, 50, 51, 52, 60], [46, 49, 50, 51, 52, 47, 48, 53, 54, 55, 56, 57, 58, 59, 60], [46, 49, 50, 51, 52, 47, 48, 56, 57, 58, 59, 53, 54, 55, 60], [46, 49, 50, 51, 52, 53, 54, 55, 47, 48, 56, 57, 58, 59, 60], [46, 49, 50, 51, 52, 53, 54, 55, 56, 57, 58, 59, 47, 48, 60], [46, 49, 50, 51, 52, 56, 57, 58, 59, 47, 48, 53, 54, 55, 60], [46, 49, 50, 51, 52, 56, 57, 58, 59, 53, 54, 55, 47, 48, 60], [46, 53, 54, 55, 47, 48, 49, 50, 51, 52, 56, 57, 58, 59, 60], [46, 53, 54, 55, 47, 48, 56, 57, 58, 59, 49, 50, 51, 52, 60], [46, 53, 54, 55, 49, 50, 51, 52, 47, 48, 56, 57, 58, 59, 60], [46, 53, 54, 55, 49, 50, 51, 52, 56, 57, 58, 59, 47, 48, 60], [46, 53, 54, 55, 56, 57, 58, 59, 47, 48, 49, 50, 51, 52, 60], [46, 53, 54, 55, 56, 57, 58, 59, 49, 50, 51, 52, 47, 48, 60], [46, 56, 57, 58, 59, 47, 48, 49, 50, 51, 52, 53, 54, 55, 60], [46, 56, 57, 58, 59, 47, 48, 53, 54, 55, 49, 50, 51, 52, 60], [46, 56, 57, 58, 59, 49, 50, 51, 52, 47, 48, 53, 54, 55, 60], [46, 56, 57, 58, 59, 49, 50, 51, 52, 53, 54, 55, 47, 48, 60], [46, 56, 57, 58, 59, 53, 54, 55, 47, 48, 49, 50, 51, 52, 60], [46, 56, 57, 58, 59, 53, 54, 55, 49, 50, 51, 52, 47, 48, 60]]
    Selected q: 2
    q_candidates: [2]
    Total Memory Under q: [62208, 45072, 45072, 25920, 10368, 31104, 15552, 36288, 20736, 20736, 20736, 41472, 25920, 25920, 41472, 62208, 65808, 65808, 46656, 31104, 51840, 36288, 57024, 41472, 41472, 41472, 62208, 46656, 46656, 41472]
    Final Peak Memory: 65808
----------------------------------------
Subgraph #3
  Subgraph Ops: [61, 62, 63, 64, 65, 66, 67, 68, 69, 70, 71, 72, 73, 74, 75]
  Original Peak Memory: 121248
  Optimized Peak Memory: 65808
  Peak Operator Index: 71
  Duplication Config:
    under memory constraint: True
    Selected d: [61, 71, 72, 73, 74, 62, 63, 64, 65, 66, 67, 68, 69, 70, 75]
    d_candidate_num: [[61, 62, 63, 64, 65, 66, 67, 68, 69, 70, 71, 72, 73, 74, 75], [61, 62, 63, 64, 65, 66, 67, 71, 72, 73, 74, 68, 69, 70, 75], [61, 62, 63, 68, 69, 70, 64, 65, 66, 67, 71, 72, 73, 74, 75], [61, 62, 63, 68, 69, 70, 71, 72, 73, 74, 64, 65, 66, 67, 75], [61, 62, 63, 71, 72, 73, 74, 64, 65, 66, 67, 68, 69, 70, 75], [61, 62, 63, 71, 72, 73, 74, 68, 69, 70, 64, 65, 66, 67, 75], [61, 64, 65, 66, 67, 62, 63, 68, 69, 70, 71, 72, 73, 74, 75], [61, 64, 65, 66, 67, 62, 63, 71, 72, 73, 74, 68, 69, 70, 75], [61, 64, 65, 66, 67, 68, 69, 70, 62, 63, 71, 72, 73, 74, 75], [61, 64, 65, 66, 67, 68, 69, 70, 71, 72, 73, 74, 62, 63, 75], [61, 64, 65, 66, 67, 71, 72, 73, 74, 62, 63, 68, 69, 70, 75], [61, 64, 65, 66, 67, 71, 72, 73, 74, 68, 69, 70, 62, 63, 75], [61, 68, 69, 70, 62, 63, 64, 65, 66, 67, 71, 72, 73, 74, 75], [61, 68, 69, 70, 62, 63, 71, 72, 73, 74, 64, 65, 66, 67, 75], [61, 68, 69, 70, 64, 65, 66, 67, 62, 63, 71, 72, 73, 74, 75], [61, 68, 69, 70, 64, 65, 66, 67, 71, 72, 73, 74, 62, 63, 75], [61, 68, 69, 70, 71, 72, 73, 74, 62, 63, 64, 65, 66, 67, 75], [61, 68, 69, 70, 71, 72, 73, 74, 64, 65, 66, 67, 62, 63, 75], [61, 71, 72, 73, 74, 62, 63, 64, 65, 66, 67, 68, 69, 70, 75], [61, 71, 72, 73, 74, 62, 63, 68, 69, 70, 64, 65, 66, 67, 75], [61, 71, 72, 73, 74, 64, 65, 66, 67, 62, 63, 68, 69, 70, 75], [61, 71, 72, 73, 74, 64, 65, 66, 67, 68, 69, 70, 62, 63, 75], [61, 71, 72, 73, 74, 68, 69, 70, 62, 63, 64, 65, 66, 67, 75], [61, 71, 72, 73, 74, 68, 69, 70, 64, 65, 66, 67, 62, 63, 75]]
    Selected q: 2
    q_candidates: [2]
    Total Memory Under q: [62208, 45072, 45072, 25920, 10368, 31104, 15552, 36288, 20736, 20736, 20736, 41472, 25920, 25920, 41472, 62208, 65808, 65808, 46656, 31104, 51840, 36288, 57024, 41472, 41472, 41472, 62208, 46656, 46656, 41472]
    Final Peak Memory: 65808
----------------------------------------
Subgraph #4
  Subgraph Ops: [1, 2, 3, 4, 5, 6, 7, 8, 9, 10, 11, 12, 13, 14, 15]
  Original Peak Memory: 110592
  Optimized Peak Memory: 92160
  Peak Operator Index: 1
  Duplication Config:
    under memory constraint: True
    Selected d: [1, 2, 3, 4, 5, 6, 7, 8, 9, 10, 11, 12, 13, 14, 15]
    d_candidate_num: [[1, 2, 3, 4, 5, 6, 7, 8, 9, 10, 11, 12, 13, 14, 15], [1, 2, 3, 4, 5, 6, 7, 11, 12, 13, 14, 8, 9, 10, 15], [1, 2, 3, 8, 9, 10, 4, 5, 6, 7, 11, 12, 13, 14, 15], [1, 2, 3, 8, 9, 10, 11, 12, 13, 14, 4, 5, 6, 7, 15], [1, 2, 3, 11, 12, 13, 14, 4, 5, 6, 7, 8, 9, 10, 15], [1, 2, 3, 11, 12, 13, 14, 8, 9, 10, 4, 5, 6, 7, 15], [1, 4, 5, 6, 7, 2, 3, 8, 9, 10, 11, 12, 13, 14, 15], [1, 4, 5, 6, 7, 2, 3, 11, 12, 13, 14, 8, 9, 10, 15], [1, 4, 5, 6, 7, 8, 9, 10, 2, 3, 11, 12, 13, 14, 15], [1, 4, 5, 6, 7, 8, 9, 10, 11, 12, 13, 14, 2, 3, 15], [1, 4, 5, 6, 7, 11, 12, 13, 14, 2, 3, 8, 9, 10, 15], [1, 4, 5, 6, 7, 11, 12, 13, 14, 8, 9, 10, 2, 3, 15], [1, 8, 9, 10, 2, 3, 4, 5, 6, 7, 11, 12, 13, 14, 15], [1, 8, 9, 10, 2, 3, 11, 12, 13, 14, 4, 5, 6, 7, 15], [1, 8, 9, 10, 4, 5, 6, 7, 2, 3, 11, 12, 13, 14, 15], [1, 8, 9, 10, 4, 5, 6, 7, 11, 12, 13, 14, 2, 3, 15], [1, 8, 9, 10, 11, 12, 13, 14, 2, 3, 4, 5, 6, 7, 15], [1, 8, 9, 10, 11, 12, 13, 14, 4, 5, 6, 7, 2, 3, 15], [1, 11, 12, 13, 14, 2, 3, 4, 5, 6, 7, 8, 9, 10, 15], [1, 11, 12, 13, 14, 2, 3, 8, 9, 10, 4, 5, 6, 7, 15], [1, 11, 12, 13, 14, 4, 5, 6, 7, 2, 3, 8, 9, 10, 15], [1, 11, 12, 13, 14, 4, 5, 6, 7, 8, 9, 10, 2, 3, 15], [1, 11, 12, 13, 14, 8, 9, 10, 2, 3, 4, 5, 6, 7, 15], [1, 11, 12, 13, 14, 8, 9, 10, 4, 5, 6, 7, 2, 3, 15]]
    Selected q: 2
    q_candidates: [2]
    Total Memory Under q: [92160, 21024, 5184, 23616, 7776, 7776, 7776, 26208, 10368, 10368, 46208, 46208, 28800, 12960, 47232, 65664, 31392, 15552, 33984, 18144, 18144, 18144, 36576, 20736, 20736, 56576, 56576, 39168, 23328, 20736]
    Final Peak Memory: 92160
----------------------------------------
