under_mem:True
peak node list:[26, 27, 41, 42, 15, 16, 24, 25, 28, 30, 31]
Full_duration:1.8082447052001953(s)
Peak memory for all: : 225864 bytes (220 KB)
Peak memory under dup: : 225864 bytes (220 KB)
ori MAC: 260997120
ori weight access: 523260

Total MAC increased: 14259456
Total weight access increased: 65016

The useful subgraphs idx: [0, 1, 2]
remaining_peaks: []

Total PDQ Configuration Details
========================================
Subgraph #1
  Subgraph Ops: [16, 17, 18, 19, 20, 21, 22, 23, 24, 25, 26, 27, 28, 29, 30]
  Original Peak Memory: 414864
  Optimized Peak Memory: 225864
  Peak Operator Index: 26
  Duplication Config:
    under memory constraint: True
    Selected d: [16, 26, 27, 28, 29, 17, 18, 19, 20, 21, 22, 23, 24, 25, 30]
    d_candidate_num: [[16, 17, 18, 19, 20, 21, 22, 23, 24, 25, 26, 27, 28, 29, 30], [16, 17, 18, 19, 20, 21, 22, 26, 27, 28, 29, 23, 24, 25, 30], [16, 17, 18, 23, 24, 25, 19, 20, 21, 22, 26, 27, 28, 29, 30], [16, 17, 18, 23, 24, 25, 26, 27, 28, 29, 19, 20, 21, 22, 30], [16, 17, 18, 26, 27, 28, 29, 19, 20, 21, 22, 23, 24, 25, 30], [16, 17, 18, 26, 27, 28, 29, 23, 24, 25, 19, 20, 21, 22, 30], [16, 19, 20, 21, 22, 17, 18, 23, 24, 25, 26, 27, 28, 29, 30], [16, 19, 20, 21, 22, 17, 18, 26, 27, 28, 29, 23, 24, 25, 30], [16, 19, 20, 21, 22, 23, 24, 25, 17, 18, 26, 27, 28, 29, 30], [16, 19, 20, 21, 22, 23, 24, 25, 26, 27, 28, 29, 17, 18, 30], [16, 19, 20, 21, 22, 26, 27, 28, 29, 17, 18, 23, 24, 25, 30], [16, 19, 20, 21, 22, 26, 27, 28, 29, 23, 24, 25, 17, 18, 30], [16, 23, 24, 25, 17, 18, 19, 20, 21, 22, 26, 27, 28, 29, 30], [16, 23, 24, 25, 17, 18, 26, 27, 28, 29, 19, 20, 21, 22, 30], [16, 23, 24, 25, 19, 20, 21, 22, 17, 18, 26, 27, 28, 29, 30], [16, 23, 24, 25, 19, 20, 21, 22, 26, 27, 28, 29, 17, 18, 30], [16, 23, 24, 25, 26, 27, 28, 29, 17, 18, 19, 20, 21, 22, 30], [16, 23, 24, 25, 26, 27, 28, 29, 19, 20, 21, 22, 17, 18, 30], [16, 26, 27, 28, 29, 17, 18, 19, 20, 21, 22, 23, 24, 25, 30], [16, 26, 27, 28, 29, 17, 18, 23, 24, 25, 19, 20, 21, 22, 30], [16, 26, 27, 28, 29, 19, 20, 21, 22, 17, 18, 23, 24, 25, 30], [16, 26, 27, 28, 29, 19, 20, 21, 22, 23, 24, 25, 17, 18, 30], [16, 26, 27, 28, 29, 23, 24, 25, 17, 18, 19, 20, 21, 22, 30], [16, 26, 27, 28, 29, 23, 24, 25, 19, 20, 21, 22, 17, 18, 30]]
    Selected q: 2
    q_candidates: [2]
    Total Memory Under q: [221184, 152136, 152136, 92160, 36864, 110592, 55296, 129024, 73728, 73728, 73728, 147456, 92160, 92160, 147456, 221184, 225864, 225864, 165888, 110592, 184320, 129024, 202752, 147456, 147456, 147456, 221184, 165888, 165888, 147456]
    Final Peak Memory: 225864
----------------------------------------
Subgraph #2
  Subgraph Ops: [31, 32, 33, 34, 35, 36, 37, 38, 39, 40, 41, 42, 43, 44, 45]
  Original Peak Memory: 359568
  Optimized Peak Memory: 221184
  Peak Operator Index: 41
  Duplication Config:
    under memory constraint: True
    Selected d: [31, 41, 42, 43, 44, 32, 33, 34, 35, 36, 37, 38, 39, 40, 45]
    d_candidate_num: [[31, 32, 33, 34, 35, 36, 37, 38, 39, 40, 41, 42, 43, 44, 45], [31, 32, 33, 34, 35, 36, 37, 41, 42, 43, 44, 38, 39, 40, 45], [31, 32, 33, 38, 39, 40, 34, 35, 36, 37, 41, 42, 43, 44, 45], [31, 32, 33, 38, 39, 40, 41, 42, 43, 44, 34, 35, 36, 37, 45], [31, 32, 33, 41, 42, 43, 44, 34, 35, 36, 37, 38, 39, 40, 45], [31, 32, 33, 41, 42, 43, 44, 38, 39, 40, 34, 35, 36, 37, 45], [31, 34, 35, 36, 37, 32, 33, 38, 39, 40, 41, 42, 43, 44, 45], [31, 34, 35, 36, 37, 32, 33, 41, 42, 43, 44, 38, 39, 40, 45], [31, 34, 35, 36, 37, 38, 39, 40, 32, 33, 41, 42, 43, 44, 45], [31, 34, 35, 36, 37, 38, 39, 40, 41, 42, 43, 44, 32, 33, 45], [31, 34, 35, 36, 37, 41, 42, 43, 44, 32, 33, 38, 39, 40, 45], [31, 34, 35, 36, 37, 41, 42, 43, 44, 38, 39, 40, 32, 33, 45], [31, 38, 39, 40, 32, 33, 34, 35, 36, 37, 41, 42, 43, 44, 45], [31, 38, 39, 40, 32, 33, 41, 42, 43, 44, 34, 35, 36, 37, 45], [31, 38, 39, 40, 34, 35, 36, 37, 32, 33, 41, 42, 43, 44, 45], [31, 38, 39, 40, 34, 35, 36, 37, 41, 42, 43, 44, 32, 33, 45], [31, 38, 39, 40, 41, 42, 43, 44, 32, 33, 34, 35, 36, 37, 45], [31, 38, 39, 40, 41, 42, 43, 44, 34, 35, 36, 37, 32, 33, 45], [31, 41, 42, 43, 44, 32, 33, 34, 35, 36, 37, 38, 39, 40, 45], [31, 41, 42, 43, 44, 32, 33, 38, 39, 40, 34, 35, 36, 37, 45], [31, 41, 42, 43, 44, 34, 35, 36, 37, 32, 33, 38, 39, 40, 45], [31, 41, 42, 43, 44, 34, 35, 36, 37, 38, 39, 40, 32, 33, 45], [31, 41, 42, 43, 44, 38, 39, 40, 32, 33, 34, 35, 36, 37, 45], [31, 41, 42, 43, 44, 38, 39, 40, 34, 35, 36, 37, 32, 33, 45]]
    Selected q: 2
    q_candidates: [2]
    Total Memory Under q: [221184, 152136, 152136, 82944, 18432, 92160, 27648, 101376, 36864, 36864, 36864, 110592, 46080, 46080, 110592, 184320, 189000, 189000, 119808, 55296, 129024, 64512, 138240, 73728, 73728, 73728, 147456, 82944, 82944, 73728]
    Final Peak Memory: 221184
----------------------------------------
Subgraph #3
  Subgraph Ops: [1, 2, 3, 4, 5, 6, 7, 8, 9, 10, 11, 12, 13, 14, 15]
  Original Peak Memory: 294912
  Optimized Peak Memory: 196640
  Peak Operator Index: 15
  Duplication Config:
    under memory constraint: True
    Selected d: [1, 2, 3, 4, 5, 6, 7, 8, 9, 10, 11, 12, 13, 14, 15]
    d_candidate_num: [[1, 2, 3, 4, 5, 6, 7, 8, 9, 10, 11, 12, 13, 14, 15], [1, 2, 3, 4, 5, 6, 7, 11, 12, 13, 14, 8, 9, 10, 15], [1, 2, 3, 8, 9, 10, 4, 5, 6, 7, 11, 12, 13, 14, 15], [1, 2, 3, 8, 9, 10, 11, 12, 13, 14, 4, 5, 6, 7, 15], [1, 2, 3, 11, 12, 13, 14, 4, 5, 6, 7, 8, 9, 10, 15], [1, 2, 3, 11, 12, 13, 14, 8, 9, 10, 4, 5, 6, 7, 15], [1, 4, 5, 6, 7, 2, 3, 8, 9, 10, 11, 12, 13, 14, 15], [1, 4, 5, 6, 7, 2, 3, 11, 12, 13, 14, 8, 9, 10, 15], [1, 4, 5, 6, 7, 8, 9, 10, 2, 3, 11, 12, 13, 14, 15], [1, 4, 5, 6, 7, 8, 9, 10, 11, 12, 13, 14, 2, 3, 15], [1, 4, 5, 6, 7, 11, 12, 13, 14, 2, 3, 8, 9, 10, 15], [1, 4, 5, 6, 7, 11, 12, 13, 14, 8, 9, 10, 2, 3, 15], [1, 8, 9, 10, 2, 3, 4, 5, 6, 7, 11, 12, 13, 14, 15], [1, 8, 9, 10, 2, 3, 11, 12, 13, 14, 4, 5, 6, 7, 15], [1, 8, 9, 10, 4, 5, 6, 7, 2, 3, 11, 12, 13, 14, 15], [1, 8, 9, 10, 4, 5, 6, 7, 11, 12, 13, 14, 2, 3, 15], [1, 8, 9, 10, 11, 12, 13, 14, 2, 3, 4, 5, 6, 7, 15], [1, 8, 9, 10, 11, 12, 13, 14, 4, 5, 6, 7, 2, 3, 15], [1, 11, 12, 13, 14, 2, 3, 4, 5, 6, 7, 8, 9, 10, 15], [1, 11, 12, 13, 14, 2, 3, 8, 9, 10, 4, 5, 6, 7, 15], [1, 11, 12, 13, 14, 4, 5, 6, 7, 2, 3, 8, 9, 10, 15], [1, 11, 12, 13, 14, 4, 5, 6, 7, 8, 9, 10, 2, 3, 15], [1, 11, 12, 13, 14, 8, 9, 10, 2, 3, 4, 5, 6, 7, 15], [1, 11, 12, 13, 14, 8, 9, 10, 4, 5, 6, 7, 2, 3, 15]]
    Selected q: 2
    q_candidates: [2]
    Total Memory Under q: [163840, 51200, 36864, 69632, 55296, 55296, 55296, 88064, 73728, 73728, 122912, 122912, 106496, 92160, 139264, 172032, 124928, 110592, 143360, 129024, 129024, 129024, 161792, 147456, 147456, 196640, 196640, 180224, 165888, 147456]
    Final Peak Memory: 196640
----------------------------------------
