under_mem:True
peak node list:[1, 0, 11, 12, 101, 102, 56, 57, 71, 72, 86, 87]
Full_duration:2.095909357070923(s)
Peak memory for all: : 122880 bytes (120 KB)
Peak memory under dup: : 122880 bytes (120 KB)
ori MAC: 127057920
ori weight access: 302856

Total MAC increased: 28553472
Total weight access increased: 518592

The useful subgraphs idx: [0, 1, 2, 3, 4]
remaining_peaks: []

Total PDQ Configuration Details
========================================
Subgraph #1
  Subgraph Ops: [0, 1, 2, 3, 4, 5, 6, 7, 8, 9, 10, 11, 12, 13, 14, 15]
  Original Peak Memory: 196608
  Optimized Peak Memory: 122880
  Peak Operator Index: 1
  Duplication Config:
    under memory constraint: True
    Selected d: [0, 1, 2, 3, 4, 5, 6, 7, 8, 9, 10, 11, 12, 13, 14, 15]
    d_candidate_num: 1
    Selected q: 2
    q_candidates: [2]
    Total Memory Under q: [114688, 122880, 60416, 30720, 60416, 30720, 30720, 30720, 60416, 30720, 30720, 92192, 92192, 60416, 30720, 39936, 102400, 110592, 48128, 18432, 48128, 18432, 18432, 18432, 48128, 18432, 18432, 79904, 79904, 48128, 18432, 27648]
    Final Peak Memory: 122880
----------------------------------------
Subgraph #2
  Subgraph Ops: [91, 92, 93, 94, 95, 96, 97, 98, 99, 100, 101, 102, 103, 104, 105]
  Original Peak Memory: 148224
  Optimized Peak Memory: 80256
  Peak Operator Index: 101
  Duplication Config:
    under memory constraint: True
    Selected d: [91, 101, 102, 103, 104, 92, 93, 94, 95, 96, 97, 98, 99, 100, 105]
    d_candidate_num: [[91, 92, 93, 94, 95, 96, 97, 98, 99, 100, 101, 102, 103, 104, 105], [91, 92, 93, 94, 95, 96, 97, 101, 102, 103, 104, 98, 99, 100, 105], [91, 92, 93, 98, 99, 100, 94, 95, 96, 97, 101, 102, 103, 104, 105], [91, 92, 93, 98, 99, 100, 101, 102, 103, 104, 94, 95, 96, 97, 105], [91, 92, 93, 101, 102, 103, 104, 94, 95, 96, 97, 98, 99, 100, 105], [91, 92, 93, 101, 102, 103, 104, 98, 99, 100, 94, 95, 96, 97, 105], [91, 94, 95, 96, 97, 92, 93, 98, 99, 100, 101, 102, 103, 104, 105], [91, 94, 95, 96, 97, 92, 93, 101, 102, 103, 104, 98, 99, 100, 105], [91, 94, 95, 96, 97, 98, 99, 100, 92, 93, 101, 102, 103, 104, 105], [91, 94, 95, 96, 97, 98, 99, 100, 101, 102, 103, 104, 92, 93, 105], [91, 94, 95, 96, 97, 101, 102, 103, 104, 92, 93, 98, 99, 100, 105], [91, 94, 95, 96, 97, 101, 102, 103, 104, 98, 99, 100, 92, 93, 105], [91, 98, 99, 100, 92, 93, 94, 95, 96, 97, 101, 102, 103, 104, 105], [91, 98, 99, 100, 92, 93, 101, 102, 103, 104, 94, 95, 96, 97, 105], [91, 98, 99, 100, 94, 95, 96, 97, 92, 93, 101, 102, 103, 104, 105], [91, 98, 99, 100, 94, 95, 96, 97, 101, 102, 103, 104, 92, 93, 105], [91, 98, 99, 100, 101, 102, 103, 104, 92, 93, 94, 95, 96, 97, 105], [91, 98, 99, 100, 101, 102, 103, 104, 94, 95, 96, 97, 92, 93, 105], [91, 101, 102, 103, 104, 92, 93, 94, 95, 96, 97, 98, 99, 100, 105], [91, 101, 102, 103, 104, 92, 93, 98, 99, 100, 94, 95, 96, 97, 105], [91, 101, 102, 103, 104, 94, 95, 96, 97, 92, 93, 98, 99, 100, 105], [91, 101, 102, 103, 104, 94, 95, 96, 97, 98, 99, 100, 92, 93, 105], [91, 101, 102, 103, 104, 98, 99, 100, 92, 93, 94, 95, 96, 97, 105], [91, 101, 102, 103, 104, 98, 99, 100, 94, 95, 96, 97, 92, 93, 105]]
    Selected q: 2
    q_candidates: [2]
    Total Memory Under q: [73728, 55680, 55680, 30720, 12288, 36864, 18432, 43008, 24576, 24576, 24576, 49152, 30720, 30720, 49152, 73728, 80256, 80256, 55296, 36864, 61440, 43008, 67584, 49152, 49152, 49152, 73728, 55296, 55296, 49152]
    Final Peak Memory: 80256
----------------------------------------
Subgraph #3
  Subgraph Ops: [46, 47, 48, 49, 50, 51, 52, 53, 54, 55, 56, 57, 58, 59, 60]
  Original Peak Memory: 141504
  Optimized Peak Memory: 76896
  Peak Operator Index: 56
  Duplication Config:
    under memory constraint: True
    Selected d: [46, 56, 57, 58, 59, 47, 48, 49, 50, 51, 52, 53, 54, 55, 60]
    d_candidate_num: [[46, 47, 48, 49, 50, 51, 52, 53, 54, 55, 56, 57, 58, 59, 60], [46, 47, 48, 49, 50, 51, 52, 56, 57, 58, 59, 53, 54, 55, 60], [46, 47, 48, 53, 54, 55, 49, 50, 51, 52, 56, 57, 58, 59, 60], [46, 47, 48, 53, 54, 55, 56, 57, 58, 59, 49, 50, 51, 52, 60], [46, 47, 48, 56, 57, 58, 59, 49, 50, 51, 52, 53, 54, 55, 60], [46, 47, 48, 56, 57, 58, 59, 53, 54, 55, 49, 50, 51, 52, 60], [46, 49, 50, 51, 52, 47, 48, 53, 54, 55, 56, 57, 58, 59, 60], [46, 49, 50, 51, 52, 47, 48, 56, 57, 58, 59, 53, 54, 55, 60], [46, 49, 50, 51, 52, 53, 54, 55, 47, 48, 56, 57, 58, 59, 60], [46, 49, 50, 51, 52, 53, 54, 55, 56, 57, 58, 59, 47, 48, 60], [46, 49, 50, 51, 52, 56, 57, 58, 59, 47, 48, 53, 54, 55, 60], [46, 49, 50, 51, 52, 56, 57, 58, 59, 53, 54, 55, 47, 48, 60], [46, 53, 54, 55, 47, 48, 49, 50, 51, 52, 56, 57, 58, 59, 60], [46, 53, 54, 55, 47, 48, 56, 57, 58, 59, 49, 50, 51, 52, 60], [46, 53, 54, 55, 49, 50, 51, 52, 47, 48, 56, 57, 58, 59, 60], [46, 53, 54, 55, 49, 50, 51, 52, 56, 57, 58, 59, 47, 48, 60], [46, 53, 54, 55, 56, 57, 58, 59, 47, 48, 49, 50, 51, 52, 60], [46, 53, 54, 55, 56, 57, 58, 59, 49, 50, 51, 52, 47, 48, 60], [46, 56, 57, 58, 59, 47, 48, 49, 50, 51, 52, 53, 54, 55, 60], [46, 56, 57, 58, 59, 47, 48, 53, 54, 55, 49, 50, 51, 52, 60], [46, 56, 57, 58, 59, 49, 50, 51, 52, 47, 48, 53, 54, 55, 60], [46, 56, 57, 58, 59, 49, 50, 51, 52, 53, 54, 55, 47, 48, 60], [46, 56, 57, 58, 59, 53, 54, 55, 47, 48, 49, 50, 51, 52, 60], [46, 56, 57, 58, 59, 53, 54, 55, 49, 50, 51, 52, 47, 48, 60]]
    Selected q: 2
    q_candidates: [2]
    Total Memory Under q: [73728, 52320, 52320, 30720, 12288, 36864, 18432, 43008, 24576, 24576, 24576, 49152, 30720, 30720, 49152, 73728, 76896, 76896, 55296, 36864, 61440, 43008, 67584, 49152, 49152, 49152, 73728, 55296, 55296, 49152]
    Final Peak Memory: 76896
----------------------------------------
Subgraph #4
  Subgraph Ops: [61, 62, 63, 64, 65, 66, 67, 68, 69, 70, 71, 72, 73, 74, 75]
  Original Peak Memory: 141504
  Optimized Peak Memory: 76896
  Peak Operator Index: 71
  Duplication Config:
    under memory constraint: True
    Selected d: [61, 71, 72, 73, 74, 62, 63, 64, 65, 66, 67, 68, 69, 70, 75]
    d_candidate_num: [[61, 62, 63, 64, 65, 66, 67, 68, 69, 70, 71, 72, 73, 74, 75], [61, 62, 63, 64, 65, 66, 67, 71, 72, 73, 74, 68, 69, 70, 75], [61, 62, 63, 68, 69, 70, 64, 65, 66, 67, 71, 72, 73, 74, 75], [61, 62, 63, 68, 69, 70, 71, 72, 73, 74, 64, 65, 66, 67, 75], [61, 62, 63, 71, 72, 73, 74, 64, 65, 66, 67, 68, 69, 70, 75], [61, 62, 63, 71, 72, 73, 74, 68, 69, 70, 64, 65, 66, 67, 75], [61, 64, 65, 66, 67, 62, 63, 68, 69, 70, 71, 72, 73, 74, 75], [61, 64, 65, 66, 67, 62, 63, 71, 72, 73, 74, 68, 69, 70, 75], [61, 64, 65, 66, 67, 68, 69, 70, 62, 63, 71, 72, 73, 74, 75], [61, 64, 65, 66, 67, 68, 69, 70, 71, 72, 73, 74, 62, 63, 75], [61, 64, 65, 66, 67, 71, 72, 73, 74, 62, 63, 68, 69, 70, 75], [61, 64, 65, 66, 67, 71, 72, 73, 74, 68, 69, 70, 62, 63, 75], [61, 68, 69, 70, 62, 63, 64, 65, 66, 67, 71, 72, 73, 74, 75], [61, 68, 69, 70, 62, 63, 71, 72, 73, 74, 64, 65, 66, 67, 75], [61, 68, 69, 70, 64, 65, 66, 67, 62, 63, 71, 72, 73, 74, 75], [61, 68, 69, 70, 64, 65, 66, 67, 71, 72, 73, 74, 62, 63, 75], [61, 68, 69, 70, 71, 72, 73, 74, 62, 63, 64, 65, 66, 67, 75], [61, 68, 69, 70, 71, 72, 73, 74, 64, 65, 66, 67, 62, 63, 75], [61, 71, 72, 73, 74, 62, 63, 64, 65, 66, 67, 68, 69, 70, 75], [61, 71, 72, 73, 74, 62, 63, 68, 69, 70, 64, 65, 66, 67, 75], [61, 71, 72, 73, 74, 64, 65, 66, 67, 62, 63, 68, 69, 70, 75], [61, 71, 72, 73, 74, 64, 65, 66, 67, 68, 69, 70, 62, 63, 75], [61, 71, 72, 73, 74, 68, 69, 70, 62, 63, 64, 65, 66, 67, 75], [61, 71, 72, 73, 74, 68, 69, 70, 64, 65, 66, 67, 62, 63, 75]]
    Selected q: 2
    q_candidates: [2]
    Total Memory Under q: [73728, 52320, 52320, 30720, 12288, 36864, 18432, 43008, 24576, 24576, 24576, 49152, 30720, 30720, 49152, 73728, 76896, 76896, 55296, 36864, 61440, 43008, 67584, 49152, 49152, 49152, 73728, 55296, 55296, 49152]
    Final Peak Memory: 76896
----------------------------------------
Subgraph #5
  Subgraph Ops: [76, 77, 78, 79, 80, 81, 82, 83, 84, 85, 86, 87, 88, 89, 90]
  Original Peak Memory: 141504
  Optimized Peak Memory: 76896
  Peak Operator Index: 86
  Duplication Config:
    under memory constraint: True
    Selected d: [76, 86, 87, 88, 89, 77, 78, 79, 80, 81, 82, 83, 84, 85, 90]
    d_candidate_num: [[76, 77, 78, 79, 80, 81, 82, 83, 84, 85, 86, 87, 88, 89, 90], [76, 77, 78, 79, 80, 81, 82, 86, 87, 88, 89, 83, 84, 85, 90], [76, 77, 78, 83, 84, 85, 79, 80, 81, 82, 86, 87, 88, 89, 90], [76, 77, 78, 83, 84, 85, 86, 87, 88, 89, 79, 80, 81, 82, 90], [76, 77, 78, 86, 87, 88, 89, 79, 80, 81, 82, 83, 84, 85, 90], [76, 77, 78, 86, 87, 88, 89, 83, 84, 85, 79, 80, 81, 82, 90], [76, 79, 80, 81, 82, 77, 78, 83, 84, 85, 86, 87, 88, 89, 90], [76, 79, 80, 81, 82, 77, 78, 86, 87, 88, 89, 83, 84, 85, 90], [76, 79, 80, 81, 82, 83, 84, 85, 77, 78, 86, 87, 88, 89, 90], [76, 79, 80, 81, 82, 83, 84, 85, 86, 87, 88, 89, 77, 78, 90], [76, 79, 80, 81, 82, 86, 87, 88, 89, 77, 78, 83, 84, 85, 90], [76, 79, 80, 81, 82, 86, 87, 88, 89, 83, 84, 85, 77, 78, 90], [76, 83, 84, 85, 77, 78, 79, 80, 81, 82, 86, 87, 88, 89, 90], [76, 83, 84, 85, 77, 78, 86, 87, 88, 89, 79, 80, 81, 82, 90], [76, 83, 84, 85, 79, 80, 81, 82, 77, 78, 86, 87, 88, 89, 90], [76, 83, 84, 85, 79, 80, 81, 82, 86, 87, 88, 89, 77, 78, 90], [76, 83, 84, 85, 86, 87, 88, 89, 77, 78, 79, 80, 81, 82, 90], [76, 83, 84, 85, 86, 87, 88, 89, 79, 80, 81, 82, 77, 78, 90], [76, 86, 87, 88, 89, 77, 78, 79, 80, 81, 82, 83, 84, 85, 90], [76, 86, 87, 88, 89, 77, 78, 83, 84, 85, 79, 80, 81, 82, 90], [76, 86, 87, 88, 89, 79, 80, 81, 82, 77, 78, 83, 84, 85, 90], [76, 86, 87, 88, 89, 79, 80, 81, 82, 83, 84, 85, 77, 78, 90], [76, 86, 87, 88, 89, 83, 84, 85, 77, 78, 79, 80, 81, 82, 90], [76, 86, 87, 88, 89, 83, 84, 85, 79, 80, 81, 82, 77, 78, 90]]
    Selected q: 2
    q_candidates: [2]
    Total Memory Under q: [73728, 52320, 52320, 30720, 12288, 36864, 18432, 43008, 24576, 24576, 24576, 49152, 30720, 30720, 49152, 73728, 76896, 76896, 55296, 36864, 61440, 43008, 67584, 49152, 49152, 49152, 73728, 55296, 55296, 49152]
    Final Peak Memory: 76896
----------------------------------------
